
2374176
15034125
12018749
29164302
501133
15968560
2353373
44730209
11331346
2455949
6049901
15987527
5408463
38303457
201323
18190337
25602174
70479526
2632623
92891
264932
297547
17596327
42658805
12120406
8018529
171701
29661990
963518
3338926
49348
8532469
1218811
21416532
56895750
7550113
467466
706199
2262943
730933
2874136
112590
17305623
1113943
3619931
53963069
1960050
9751291
29362997
53295786
229402
3065392
5229572
4178817
608508
76712
25442978
30795
28838
2442597
12378747
671593
333556
18229657
23040640
20057837
58434088
68681606
34322195
50258193
14340273
3188698
5157216
16731
14407259
91153
6396140
1241405
40821995
103410
1480420
10884884
30716447
13379747
330328
3440024
47042449
3382544
14438469
10669991
554102
9565067
1055457
1102289
7038833